10
48 0
1 1 1 0 1 1 1 1 0 0 1 0 0 0 0 0 0 1 1 0 1 1 0 0 0 1 1 0 1 0 0 0 1 1 0 1 1 1 0 1 0 1 1 0 1 1 0 0
1 0 0 0 1 1 0 1 0 1 1 1 0 1 1 1 1 1 0 0 1 0 1 1 1 0 1 1 1 0 1 0 0 1 0 1 0 1 1 1 0 0 0 0 0 0 0 1
1 0 1 0 1 0 1 0 0 1 1 1 1 0 0 1 0 0 0 0 1 1 1 0 0 0 0 0 0 0 1 1 1 0 0 0 0 1 0 0 0 0 1 1 0 1 0 0
0 1 1 1 0 0 1 0 0 0 0 0 0 1 0 1 1 0 1 1 1 0 1 0 0 1 1 0 0 0 1 0 1 0 0 1 0 1 0 1 1 0 1 0 0 1 1 1
46 19
17 11 11 24 47 37 5 10 27 10 24 28 46 59 10 14 59 5 36 13 44 47 7 47 31 43 23 57 53 52 12 6 63 23 30 46 60 36 57 23 46 17 52 28 13 62
43 8 3 15 21 47 62 28 31 30 8 54 23 61 42 35 3 42 58 33 24 54 5 17 13 51 35 1 16 48 0 59 56 3 10 13 51 8 41 18 38 49 8 61 46 50
32 49 28 26 19 53 16 24 6 30 12 41 31 28 25 31 23 17 35 33 30 22 41 8 40 16 57 48 13 40 34 46 25 63 8 44 52 25 5 58 55 17 36 22 45 61
54 4 15 25 37 45 47 14 53 23 30 47 7 44 23 41 26 48 40 34 29 28 59 34 23 50 51 59 9 32 56 63 36 7 24 9 53 7 23 42 30 54 25 37 34 48
50 975928237
225646688 303881399 249695900 720595837 440670673 164783256 304647006 997598889 207828236 765594387 230755811 286286868 214427057 527633821 413323732 626120598 832929317 601701739 261943199 928083865 360032561 282894774 654184452 131035663 976420013 319678365 515218358 404819662 541188687 759150789 733264267 666835375 963032188 535476522 939947566 956219215 252776132 797110926 606334458 360604368 562705312 389606623 546891237 329648723 817240444 860214969 508285675 302686115 114433062 670228874
230769979 926981978 505640002 437470785 610533996 482060015 309665505 125752353 439396031 750854192 784903142 172660298 417689566 400451683 608136820 910153486 356670898 760912952 707264411 863005356 121517319 822486077 252611978 220924910 152134799 622368777 633656234 212936828 825054892 648089296 783165702 608341225 227587627 288805703 598328365 738121623 323382072 807993870 763873977 662778104 558848061 201293472 387954756 529053981 501745156 896091576 439207466 410932408 309520881 698988231
273937763 883554555 173990661 979066096 104479465 226125460 253951226 290652053 339062288 631522472 838741349 674744344 239863697 966328976 516066401 390708416 356966953 391964828 198702285 120840929 954742932 310066700 774650756 342697687 739120681 276395911 791305617 730844501 239844673 653342852 982349086 413782436 536897406 156339746 945364887 193893225 834981561 751832467 384545278 726560203 383354939 775802981 401304546 175734990 394648311 469887301 466443406 651615264 761852129 217662045
324972547 369111414 427728745 999623303 264325455 166849425 828535569 608147426 450210280 968380242 261490277 432559365 934679033 350904038 141415465 532560273 444797263 876397026 284392739 381858896 255473582 220264032 157661876 209294482 295999022 452310187 579181783 314958782 103925450 893550267 432620827 328897997 262661680 760349572 881037655 979503491 479715351 709573223 587650916 829925631 330469818 401657548 815001350 265148850 652561586 508933169 697709123 997358849 385330194 534618217
45 30
549 401 812 898 439 1022 780 719 391 910 395 275 382 352 466 384 726 236 743 320 284 822 948 770 1016 575 597 490 342 721 520 891 97 308 766 538 307 524 234 698 409 632 973 791 984
415 152 688 651 896 1010 935 693 933 682 684 483 254 149 827 975 672 694 49 980 437 590 262 961 824 960 345 433 908 114 393 300 266 56 953 137 43 863 832 976 522 492 437 777 643
239 729 290 935 781 245 350 346 509 286 147 444 634 583 330 748 976 630 1014 9 559 129 52 399 961 5 924 430 444 678 51 686 384 343 598 140 589 948 488 75 210 638 522 846 196
852 569 149 459 560 158 1020 691 212 397 630 219 296 37 664 974 88 327 335 432 925 476 1023 851 966 73 36 581 595 882 777 424 428 926 886 988 61 883 657 275 255 262 495 553 299
45 0
0 0 0 0 0 0 0 0 0 0 0 0 0 0 0 0 0 0 0 0 0 0 0 0 0 0 0 0 0 0 0 0 0 0 0 0 0 0 0 0 0 0 0 0 0
0 0 0 0 0 0 0 0 0 0 0 0 0 0 0 0 0 0 0 0 0 0 0 0 0 0 0 0 0 0 0 0 0 0 0 0 0 0 0 0 0 0 0 0 0
0 0 0 0 0 0 0 0 0 0 0 0 0 0 0 0 0 0 0 0 0 0 0 0 0 0 0 0 0 0 0 0 0 0 0 0 0 0 0 0 0 0 0 0 0
0 0 0 0 0 0 0 0 0 0 0 0 0 0 0 0 0 0 0 0 0 0 0 0 0 0 0 0 0 0 0 0 0 0 0 0 0 0 0 0 0 0 0 0 0
48 0
0 1 1 1 0 0 1 0 1 1 0 0 1 1 1 1 1 0 0 0 0 0 1 0 0 1 0 1 1 1 1 1 0 0 0 0 0 0 1 0 1 1 0 1 0 1 0 1
0 0 0 0 0 1 0 0 0 0 0 1 0 1 0 0 0 0 1 0 0 0 0 0 1 0 1 1 0 1 1 0 0 1 0 0 0 0 1 0 1 1 1 1 0 1 1 0
1 0 1 0 0 1 0 1 0 1 1 0 0 0 0 0 1 0 1 1 0 0 1 1 1 0 0 1 1 0 0 0 0 1 0 1 0 0 0 0 1 1 0 0 1 0 0 0
0 1 1 1 1 0 0 0 0 1 0 1 1 0 0 1 1 0 0 1 1 1 0 0 0 0 0 0 1 1 0 1 0 0 0 0 0 1 0 1 0 0 0 1 0 0 0 1
46 19
13 36 30 29 18 28 49 61 18 46 16 15 60 8 31 12 32 33 1 59 6 49 11 49 62 38 11 5 1 44 24 14 16 54 43 35 18 29 32 37 11 48 52 7 56 19
20 25 52 21 20 59 7 31 44 5 5 55 10 7 36 34 21 52 24 1 23 43 30 55 16 41 39 4 49 32 23 5 57 11 26 13 6 33 44 50 39 50 42 49 57 14
20 14 2 44 15 26 23 45 17 39 23 57 43 8 25 2 13 18 14 39 31 20 9 11 7 48 61 49 33 54 63 53 5 1 34 20 27 57 2 45 33 25 38 12 33 63
15 46 17 29 21 48 49 30 59 56 14 57 41 48 47 40 37 52 42 7 9 5 1 11 50 34 36 24 46 5 23 61 51 40 26 8 24 12 39 20 4 53 13 46 37 60
50 942886464
748137904 841414655 441377041 552977209 172792196 719812371 141025924 686424951 215579444 106259753 120440657 685662883 472258349 902722471 182070047 705550561 534208465 319743228 877421033 550549993 282157703 992274640 234781180 889554251 211141829 421540297 831629305 324328746 268559686 127937999 219731574 569213944 521869008 561108616 122191152 247177558 280920986 715733431 486118864 949016786 721993184 506559521 287196022 194251532 409281991 369266069 452318447 496006810 241525651 329739479
946556804 423683354 322014119 181337983 865753960 985672303 155394635 349899618 310001048 323954321 377837617 429732623 445684619 452222980 543357593 120392125 251916892 376794933 736125556 638035756 325811718 458118739 144595276 165524094 204886625 106393622 434790164 557205072 502400432 228832169 439460905 101473589 552515524 313991378 182811573 418269483 299663680 790722563 320685455 162181083 667193238 251039427 144430060 112877856 603262407 240304007 133269981 755179299 517098940 769395537
393215055 395427013 780030630 990326686 460951107 884917255 996720308 448257625 994638681 151637094 577089795 434099585 153110683 682121673 648090964 788438611 652907510 500270998 579161173 873592965 562452081 246354410 124632391 259398495 811748621 280411152 399702502 845018602 935590452 816801443 266930492 881321861 764744810 946961122 524164900 225695916 484394730 173401562 226469896 131549764 225038656 356076045 465649350 278149339 938197718 666256668 619104305 591105227 166527665 198265477
117214545 281496101 897136243 141846937 440894596 361401217 322258089 740597099 206419819 810364895 209914895 925866666 344203109 874659705 525344142 768368010 652871975 909738872 841769572 779341871 941288637 966808228 135417915 959454341 797473921 626131987 625711008 416578225 217237213 344755027 167360057 234451759 526251128 617012654 828815051 867145725 878413871 151073139 607742823 637350044 513954389 717657718 215733064 758157498 244833776 641077206 526525507 797705751 203332431 368295078
45 319
211 518 362 361 8 946 740 350 326 426 361 79 808 439 954 756 458 580 478 397 249 792 270 502 998 506 29 105 363 930 426 577 425 789 938 433 712 655 784 13 57 122 95 865 562
24 598 1020 607 52 394 856 846 664 334 822 147 365 929 511 270 330 63 697 96 1003 106 811 633 892 826 690 1014 921 533 553 948 106 550 530 160 944 363 1007 586 699 804 733 39 708
221 311 15 284 1009 114 262 92 925 896 984 728 563 973 625 71 504 550 178 29 55 338 974 420 322 537 95 103 247 136 811 469 448 829 753 434 943 1018 526 845 891 485 548 429 435
150 501 939 700 681 969 757 1021 920 153 319 432 250 422 679 386 211 125 836 15 881 245 960 874 771 780 742 233 303 146 669 454 649 583 131 307 527 889 304 424 19 625 856 269 22
49 0
0 0 0 0 0 0 0 0 0 0 0 0 0 0 0 0 0 0 0 0 0 0 0 0 0 0 0 0 0 0 0 0 0 0 0 0 0 0 0 0 0 0 0 0 0 0 0 0 0
0 0 0 0 0 0 0 0 0 0 0 0 0 0 0 0 0 0 0 0 0 0 0 0 0 0 0 0 0 0 0 0 0 0 0 0 0 0 0 0 0 0 0 0 0 0 0 0 0
0 0 0 0 0 0 0 0 0 0 0 0 0 0 0 0 0 0 0 0 0 0 0 0 0 0 0 0 0 0 0 0 0 0 0 0 0 0 0 0 0 0 0 0 0 0 0 0 0
0 0 0 0 0 0 0 0 0 0 0 0 0 0 0 0 0 0 0 0 0 0 0 0 0 0 0 0 0 0 0 0 0 0 0 0 0 0 0 0 0 0 0 0 0 0 0 0 0
